   7.500000e+00   7.500000e+00   7.500000e+00   7.500000e+00   7.500000e+00   7.500000e+00   7.500000e+00 
   0.100000e+00   0.100000e+00   0.100000e+00   0.100000e+00   0.100000e+00   0.100000e+00   0.100000e+00
   0.100000e+00   0.100000e+00   0.100000e+00   0.100000e+00   0.100000e+00   0.100000e+00   0.100000e+00
   0.100000e+00   0.100000e+00   0.100000e+00   0.100000e+00   0.100000e+00   0.100000e+00   0.100000e+00
   5.000000e+00   0.100000e+00   0.100000e+00   0.100000e+00   0.100000e+00   0.100000e+00   0.100000e+00
   5.000000e+00   5.000000e+00   0.100000e+00   0.100000e+00   0.100000e+00   0.100000e+00   0.100000e+00
   0.100000e+00   5.000000e+00   5.000000e+00   0.100000e+00   0.100000e+00   0.100000e+00   0.100000e+00
   0.100000e+00   0.100000e+00   5.000000e+00   5.000000e+00   0.100000e+00   0.100000e+00   0.100000e+00
   0.100000e+00   0.100000e+00   0.100000e+00   5.000000e+00   5.000000e+00   0.100000e+00   0.100000e+00
   0.100000e+00   0.100000e+00   0.100000e+00   0.100000e+00   5.000000e+00   5.000000e+00   0.100000e+00
   0.100000e+00   0.100000e+00   0.100000e+00   0.100000e+00   0.100000e+00   5.000000e+00   5.000000e+00
   0.100000e+00   0.100000e+00   0.100000e+00   0.100000e+00   0.100000e+00   0.100000e+00   5.000000e+00
   0.100000e+00   0.100000e+00   0.100000e+00   0.100000e+00   0.100000e+00   0.100000e+00   0.100000e+00
   0.100000e+00   0.100000e+00   0.100000e+00   0.100000e+00   0.100000e+00   0.100000e+00   0.100000e+00
   0.100000e+00   0.100000e+00   0.100000e+00   0.100000e+00   0.100000e+00   0.100000e+00   0.100000e+00
   0.100000e+00   0.100000e+00   0.100000e+00   0.100000e+00   0.100000e+00   0.100000e+00   0.100000e+00
